  0.1139379850102643E-01
  0.2635498661503211E-01
  0.4093915670130568E-01
  0.5490469597583565E-01
  0.6803833381235681E-01
  0.8014070033500177E-01
  0.9102826198296365E-01
  0.1005359490670507    
  0.1085196244742634    
  0.1148582591457122    
  0.1194557635357849    
  0.1222424429903101    
  0.1231760537267146    
  0.1222424429903089    
  0.1194557635357851    
  0.1148582591457117    
  0.1085196244742642    
  0.1005359490670499    
  0.9102826198296386E-01
  0.8014070033500190E-01
  0.6803833381235649E-01
  0.5490469597583572E-01
  0.4093915670130598E-01
  0.2635498661503120E-01
  0.1139379850102633E-01
