 -0.9955569697904979    
 -0.9766639214595174    
 -0.9429745712289743    
 -0.8949919978782757    
 -0.8334426287608341    
 -0.7592592630373576    
 -0.6735663684734683    
 -0.5776629302412227    
 -0.4730027314457150    
 -0.3611723058093879    
 -0.2438668837209885    
 -0.1228646926107104    
 -0.3205586274430700E-16
  0.1228646926107104    
  0.2438668837209885    
  0.3611723058093876    
  0.4730027314457147    
  0.5776629302412226    
  0.6735663684734685    
  0.7592592630373574    
  0.8334426287608339    
  0.8949919978782753    
  0.9429745712289744    
  0.9766639214595174    
  0.9955569697904981    
